global data

data.x1_25c = [0, 0.05, 0.1, 0.15, 0.2, 0.25, 0.3, 0.35, 0.4, 0.45, 0.5, 0.55, 0.6, 0.65, 0.7, 0.75, 0.8, 0.85, 0.9, 0.95, 1];
data.P_25c = [3168, 15465, 19318, 20345, 20718, 20918, 21038, 21145, 21238, 21332, 21425, 21545, 21638, 21745, 21838, 21958, 22052, 22158, 22252, 22225, 21601];

data.x1_50c = [0, 0.028, 0.0385, 0.046, 0.075, 0.1165, 0.183, 0.228, 0.264, 0.354, 0.441, 0.531, 0.611, 0.698, 0.765, 0.798, 0.868, 0.888, 0.922, 0.956, 0.979, 1];
data.P_50c = [12520, 40420, 47970, 51120, 56060, 58720, 59380, 59600, 59700, 59920, 60140, 60460, 60820, 61300, 61780, 61970, 62050, 61900, 61610, 60850, 60000, 58620];

data.T_1b = [366.15, 358.85, 346.15, 339.65, 338.73, 338.47, 338.09, 337.85, 337.47, 337.45, 337.42, 337.4, 337.38, 337.35, 337.31, 337.21, 337.09, 336.97, 336.85, 336.76, 336.69, 336.68, 336.72, 336.79, 336.88, 337.02, 337.2, 337.44, 337.76, 338.22, 338.54];
data.x1_1b = [0.002, 0.005, 0.02, 0.04, 0.06, 0.08, 0.1, 0.15, 0.2, 0.25, 0.3, 0.35, 0.4, 0.45, 0.5, 0.55, 0.6, 0.65, 0.7, 0.75, 0.8, 0.82, 0.84, 0.86, 0.88, 0.9, 0.92, 0.94, 0.96, 0.98, 0.99];
data.y1_1b = [0.23, 0.42, 0.6523, 0.7381, 0.7516, 0.7562, 0.7587, 0.7618, 0.7625, 0.7629, 0.7635, 0.7639, 0.7643, 0.7649, 0.7658, 0.7684, 0.772, 0.7765, 0.7831, 0.7915, 0.8085, 0.818, 0.826, 0.8368, 0.8498, 0.866, 0.8855, 0.907, 0.9325, 0.9625, 0.9805];

data.T_rho1 = [-60, -30, 0, 20, 30, 60, 90, 120, 150, 180, 210, 240];
data.rho_1 = [969.5, 939.5, 908.5, 887.2, 876.3, 842.6, 806.9, 768.6, 726.6, 679.1, 622.3, 545.4];

data.antoine_range_c1_1 = [296, 372];
data.antoine_a_c1_1 = 4.1212;
data.antoine_b_c1_1 = 1202.9;
data.antoine_c_c1_1 = -46.82;
data.antoine_range_c1_2 = [394, 538];
data.antoine_a_c1_2 = 4.5522;
data.antoine_b_c1_2 = 1532.8;
data.antoine_c_c1_2 = -1.07;

data.antoine_range_c2_1 = [256, 373];
data.antoine_a_c2_1 = 4.6543;
data.antoine_b_c2_1 = 1435.3;
data.antoine_c_c2_1 = -64.85;
data.antoine_range_c2_2 = [373, 473];
data.antoine_a_c2_2 = 4.7143;
data.antoine_b_c2_2 = 1401.5;
data.antoine_c_c2_2 = -75.74;

data.crit_T_1 = 540.1;
data.crit_P_1 = 51.9;  % bar
data.af_1 = 0.217;

data.crit_T_2 = 647.3;
data.crit_P_2 = 221.2;  % bar
data.af_2 = 0.344;
